t = 4;
g = 9.81;
d = 1/2*g*t^2